conjectures:
=========================================================
for 
p=2
q=3
r=5,

(i) There are no critical pairs greater than 2^7=128.

critical pairs of 2,3, and 5 (up to 100th power):
((1, 0, 0), (0, 1, 0))
((0, 1, 0), (2, 0, 0))
((2, 0, 0), (0, 0, 1))
((3, 0, 0), (0, 2, 0))
((0, 0, 2), (0, 3, 0))
((0, 0, 3), (7, 0, 0))

=========================================================
for
 
p=59          
q=61
r=3601,

(i) q^n and p^{n+1} are a critical pair for all n. 

(ii) No critical pair involves 3601^k for any k. 

critical pairs of 59,61, and 3601 (up to 50th power):
((1, 0, 0), (0, 1, 0))
((0, 1, 0), (2, 0, 0))
((0, 0, 1), (0, 2, 0))
((0, 2, 0), (3, 0, 0))
((0, 3, 0), (4, 0, 0))
((0, 4, 0), (5, 0, 0))
((0, 5, 0), (6, 0, 0))
((0, 6, 0), (7, 0, 0))
((0, 7, 0), (8, 0, 0))
((0, 8, 0), (9, 0, 0))
((0, 9, 0), (10, 0, 0))
((0, 10, 0), (11, 0, 0))
((0, 11, 0), (12, 0, 0))
((0, 12, 0), (13, 0, 0))
((0, 13, 0), (14, 0, 0))
((0, 14, 0), (15, 0, 0))
((0, 15, 0), (16, 0, 0))
((0, 16, 0), (17, 0, 0))
((0, 17, 0), (18, 0, 0))
((0, 18, 0), (19, 0, 0))
((0, 19, 0), (20, 0, 0))
((0, 20, 0), (21, 0, 0))
((0, 21, 0), (22, 0, 0))
((0, 22, 0), (23, 0, 0))
((0, 23, 0), (24, 0, 0))
((0, 24, 0), (25, 0, 0))
((0, 25, 0), (26, 0, 0))
((0, 26, 0), (27, 0, 0))
((0, 27, 0), (28, 0, 0))
((0, 28, 0), (29, 0, 0))
((0, 29, 0), (30, 0, 0))
((0, 30, 0), (31, 0, 0))
((0, 31, 0), (32, 0, 0))
((0, 32, 0), (33, 0, 0))
((0, 33, 0), (34, 0, 0))
((0, 34, 0), (35, 0, 0))
((0, 35, 0), (36, 0, 0))
((0, 36, 0), (37, 0, 0))
((0, 37, 0), (38, 0, 0))
((0, 38, 0), (39, 0, 0))
((0, 39, 0), (40, 0, 0))
((0, 40, 0), (41, 0, 0))
((0, 41, 0), (42, 0, 0))
((0, 42, 0), (43, 0, 0))
((0, 43, 0), (44, 0, 0))
((0, 44, 0), (45, 0, 0))
((0, 45, 0), (46, 0, 0))
((0, 46, 0), (47, 0, 0))
((0, 47, 0), (48, 0, 0))
((0, 48, 0), (49, 0, 0))
((0, 49, 0), (50, 0, 0))
======================================================================


